,LCOH_NGR
2020,2.048573945707031
2021,2.035986884423686
2022,2.0233998231403403
2023,2.011278949311934
2024,1.9986918880285887
2025,1.9861048267452435
2026,1.9739839529168366
2027,1.9613968916334914
2028,1.948809830350146
2029,1.9366889565217393
2030,1.924101895238394
2031,1.922237145418639
2032,1.9203723955988843
2033,1.9185076457791295
2034,1.9166428959593744
2035,1.9147781461396196
2036,1.9129133963198648
2037,1.91104864650011
2038,1.909183896680355
2039,1.9073191468606001
2040,1.9054543970408453
2041,1.9035896472210905
2042,1.9017248974013357
2043,1.8998601475815808
2044,1.8979953977618256
2045,1.896130647942071
2046,1.8942658981223162
2047,1.8924011483025613
2048,1.8905363984828063
2049,1.8886716486630513
2050,1.8868068988432964
